8403 68.61735 130.0152
8404 70.42853 142.6604
8405 65.45001 108.0995
8406 70.69778 119.4805
8407 67.28035 111.5318
8408 66.4768 129.6186
8409 65.08922 125.0064
8410 66.56312 119.046
8411 65.84797 129.5537
8412 69.45763 133.2109
8413 70.28788 144.2612
8414 65.38017 131.5842
8415 66.49188 90.16983
8416 67.43263 135.136
8417 68.81348 125.0421
8418 62.92772 95.73883
8419 69.3757 135.4546
8420 64.73432 112.0029
8421 68.97698 143.0838
8422 69.37021 133.1309
8423 65.63449 110.4167
8424 68.33529 129.8376
8425 65.0522 122.3385
8426 68.70486 122.1685
8427 66.64718 150.0087
8428 67.91848 135.8583
8429 64.00018 128.5779
8430 68.90974 127.6864
8431 67.83403 116.6157
8432 72.14919 161.6214
8433 65.93135 119.386
8434 66.35335 121.8461
8435 68.14895 130.6059
8436 65.85562 124.2612
8437 65.85909 126.2855
8438 67.61041 111.3166
8439 67.74703 131.1387
8440 67.43873 118.814
8441 68.20254 130.0191
8442 67.42837 127.2159
8443 69.06903 140.8074
8444 67.77307 138.4305
8445 67.11899 129.8077
8446 69.69668 141.0015
8447 62.6775 102.6498
8448 67.26069 130.2661
8449 70.02024 140.0166
8450 67.30078 134.2776
8451 69.78243 144.6739
8452 68.96031 123.3616
8453 68.86806 129.4534
8454 67.56026 110.1402
8455 65.08547 130.6182
8456 67.17755 117.2168
8457 69.77676 125.558
8458 69.57214 137.4401
8459 69.81072 132.9983
8460 69.44529 112.1204
8461 69.4941 140.3979
8462 67.71519 133.3581
8463 71.37262 123.5644
8464 67.94484 111.4393
8465 71.28889 134.7116
8466 68.26826 128.6627
8467 68.89649 127.3814
8468 67.72199 123.9987
8469 69.5539 126.974
8470 65.2832 130.2877
8471 65.05616 118.9465
8472 69.57507 125.9928
8473 73.95409 145.2695
8474 64.67156 131.8694
8475 67.41711 135.8198
8476 72.83838 143.4551
8477 66.35943 147.1762
8478 70.21615 134.6977
8479 67.76837 135.6669
8480 68.21712 123.9896
8481 70.10091 140.0683
8482 67.59478 118.0146
8483 70.12489 132.4516
8484 64.55975 128.829
8485 69.18895 142.5893
8486 64.18632 108.3347
8487 67.82633 139.2589
8488 67.78212 112.3772
8489 68.12768 115.3454
8490 66.9149 122.5675
8491 69.55254 107.2211
8492 67.09352 114.081
8493 71.3619 124.5166
8494 71.16679 137.383
8495 69.36126 133.1983
8496 65.62975 116.7798
8497 67.50367 153.339
8498 71.06366 136.3467
8499 66.49246 117.7597
8500 69.98023 135.4338
8501 66.36915 120.7832
8502 65.72798 129.9118
8503 67.22454 138.4072
8504 69.6795 128.9191
8505 66.91327 111.703
8506 68.26179 128.2739
8507 64.98479 119.1325
8508 68.0698 104.76
8509 68.61422 136.6399
8510 66.30294 132.3913
8511 68.38352 142.0639
8512 65.93685 130.2864
8513 69.26443 144.1251
8514 69.85744 132.3308
8515 67.08825 127.413
8516 63.19953 106.8324
8517 72.94152 125.7713
8518 70.37959 151.8206
8519 66.63284 118.6562
8520 72.50856 141.1954
8521 71.36998 125.1979
8522 68.75583 138.7086
8523 69.62903 120.2989
8524 68.16407 117.9536
8525 66.83709 122.0631
8526 70.18195 156.4056
8527 67.86367 114.9246
8528 71.10272 130.4239
8529 73.58263 141.6525
8530 68.32952 134.7504
8531 66.44661 121.6314
8532 67.18735 118.6352
8533 67.49287 122.4953
8534 66.38595 119.4673
8535 67.25681 121.2471
8536 69.31112 136.4983
8537 68.14806 117.3852
8538 68.12645 115.4428
8539 66.38527 135.9818
8540 67.65898 127.3092
8541 69.58253 114.6022
8542 67.4652 125.8834
8543 66.54186 121.2715
8544 67.20255 143.0669
8545 67.9341 106.4818
8546 64.97055 113.4885
8547 69.56656 133.0219
8548 70.30949 141.6156
8549 69.61829 138.6939
8550 65.59095 104.0323
8551 67.8259 119.8473
8552 68.03804 119.9125
8553 68.19362 125.7243
8554 68.25109 115.4595
8555 68.43966 121.7398
8556 66.34605 150.4439
8557 68.58533 138.1689
8558 68.55443 141.2293
8559 71.03809 129.7799
8560 64.47771 122.9159
8561 64.58248 122.8109
8562 70.13053 117.7137
8563 64.90601 125.232
8564 68.99647 124.495
8565 67.61833 115.7638
8566 69.63195 140.8429
8567 66.05471 111.8194
8568 71.32499 127.1661
8569 67.85806 138.4063
8570 69.45942 135.9299
8571 66.64834 127.7205
8572 64.97783 110.4212
8573 67.87711 122.438
8574 72.31295 136.5598
8575 67.14058 134.0436
8576 64.43728 114.5911
8577 66.67003 117.9921
8578 68.59476 128.0073
8579 71.47766 129.924
8580 68.63008 125.5075
8581 67.6305 120.5523
8582 70.06318 126.4208
8583 67.44197 123.631
8584 68.03318 115.4171
8585 67.4692 129.6403
8586 68.92913 110.1478
8587 67.31979 115.8672
8588 68.047 133.8044
8589 67.90839 136.5008
8590 69.6925 124.0748
8591 68.62706 130.6542
8592 68.84883 148.3087
8593 66.59652 123.5118
8594 68.15323 133.3485
8595 68.66291 110.1892
8596 69.21557 124.0764
8597 67.36 129.7241
8598 68.07739 104.7027
8599 66.52752 134.1397
8600 70.42238 136.6591
8601 67.07824 132.8673
8602 66.43388 126.4911
8603 67.98754 114.7128
8604 71.27189 158.4771
8605 68.04702 123.3098
8606 72.61098 142.6713
8607 64.68513 115.842
8608 68.43353 97.83008
8609 67.27211 125.707
8610 68.75892 138.2249
8611 68.49529 116.3683
8612 69.2542 151.8387
8613 68.77306 127.9952
8614 65.17589 111.4943
8615 68.21605 119.0602
8616 67.30043 120.3285
8617 67.86067 115.128
8618 66.00059 120.3097
8619 66.6625 120.4223
8620 67.60113 129.1886
8621 69.01783 125.8767
8622 65.7622 111.3564
8623 66.63707 127.3243
8624 68.11547 130.3186
8625 66.70443 127.4867
8626 70.22831 144.6741
8627 66.28449 126.7203
8628 71.60478 141.1438
8629 68.82431 135.5828
8630 69.98686 138.3058
8631 68.30179 129.9339
8632 66.6512 119.0595
8633 63.50812 129.557
8634 69.5967 136.7802
8635 64.89412 124.4031
8636 67.67866 129.976
8637 66.70639 116.4489
8638 67.10993 102.8583
8639 69.90802 140.878
8640 67.71136 122.7092
8641 67.5598 119.3298
8642 64.20493 103.6839
8643 71.00102 135.5008
8644 68.81199 109.4734
8645 67.94764 108.1062
8646 68.21643 131.4376
8647 66.17682 125.3836
8648 68.69923 144.3117
8649 68.70502 109.3633
8650 69.61334 125.4205
8651 69.75186 122.5754
8652 71.46054 148.6212
8653 69.36257 111.1764
8654 67.40368 109.3832
8655 69.81059 119.4349
8656 70.47149 140.3522
8657 66.7402 143.1496
8658 63.91223 105.8021
8659 67.8694 136.8885
8660 66.84937 116.9535
8661 66.07377 115.9419
8662 68.48647 133.3074
8663 71.77202 141.7503
8664 67.55856 137.7559
8665 66.28303 134.3729
8666 68.43876 119.3438
8667 67.07509 115.6909
8668 70.60637 122.1442
8669 68.8942 135.3984
8670 69.88245 134.3577
8671 68.93627 138.0941
8672 65.14713 117.9849
8673 68.68399 136.8724
8674 67.56665 117.9312
8675 68.73881 145.8697
8676 68.96333 119.0578
8677 68.5465 121.7189
8678 67.85397 121.6697
8679 64.96047 127.6795
8680 68.58674 129.2295
8681 67.92544 110.8076
8682 69.3629 118.6172
8683 70.90905 146.5188
8684 69.28773 132.6966
8685 69.06554 119.9738
8686 66.60717 109.856
8687 69.19516 118.2264
8688 69.42865 128.6528
8689 70.09399 127.3597
8690 64.50077 103.3027
8691 65.72098 115.9257
8692 66.05703 112.889
8693 62.40404 118.5959
8694 72.90966 148.6113
8695 66.22194 131.9039
8696 65.97162 129.6126
8697 67.82516 122.1707
8698 71.16688 152.1123
8699 65.46284 101.8952
8700 68.92267 144.0831
8701 68.57822 137.295
8702 68.53972 141.0431
8703 66.17685 131.7326
8704 70.90225 143.3108
8705 69.42553 114.8461
8706 67.5235 107.4208
8707 67.09865 110.2544
8708 66.84168 121.8217
8709 67.80773 126.529
8710 67.14173 121.3218
8711 70.57017 137.4274
8712 65.05533 125.8786
8713 70.03645 139.6533
8714 66.21546 118.4718
8715 63.142 127.3112
8716 64.01004 105.3351
8717 69.0029 124.9629
8718 65.635 105.3681
8719 68.59589 121.1566
8720 68.8021 142.3453
8721 69.03778 122.1038
8722 67.04485 116.5428
8723 66.03638 117.0908
8724 69.62665 127.3049
8725 67.3924 113.4762
8726 71.00377 134.5287
8727 67.93634 114.9908
8728 68.63649 129.2673
8729 68.62805 126.3473
8730 67.83336 142.6824
8731 67.39028 122.0253
8732 68.46456 114.5964
8733 70.16762 123.31
8734 68.79997 144.323
8735 68.04005 117.5716
8736 68.0575 144.1516
8737 69.66689 128.3014
8738 67.88893 138.9831
8739 69.43038 128.4548
8740 68.70588 151.2938
8741 66.73086 116.8306
8742 69.36545 128.6177
8743 68.02714 145.0769
8744 65.88696 111.8354
8745 68.57752 146.3214
8746 67.04268 116.0189
8747 69.64171 135.2526
8748 69.28691 124.1958
8749 68.2993 122.8095
8750 66.59118 112.9433
8751 66.00153 119.4182
8752 69.62369 135.4419
8753 70.40945 160.9728
8754 68.23792 132.3743
8755 71.33673 144.0178
8756 68.26045 128.1884
8757 65.19386 118.5785
8758 64.97014 128.0257
8759 65.48129 117.1136
8760 70.81533 136.8483
8761 69.65288 132.9662
8762 70.7431 124.3004
8763 66.577 132.3608
8764 68.31898 108.4509
8765 69.58154 136.53
8766 70.24671 121.6743
8767 69.53122 126.6608
8768 71.23578 121.6717
8769 66.48997 115.6813
8770 67.1513 130.6168
8771 69.49519 131.1111
8772 65.40644 123.0377
8773 68.65429 134.1447
8774 65.08666 120.4446
8775 70.78233 122.2947
8776 62.42389 113.2646
8777 66.71211 116.8734
8778 69.29175 117.5564
8779 63.91814 114.1919
8780 65.76518 117.0031
8781 70.68956 135.662
8782 69.1483 139.0431
8783 71.15855 131.258
8784 66.39544 116.2256
8785 69.95913 132.8145
8786 68.85974 134.8338
8787 70.30886 134.2011
8788 66.47108 113.7779
8789 67.99054 138.8971
8790 67.72174 136.0789
8791 67.42949 135.9047
8792 65.98761 110.2969
8793 68.0763 117.3088
8794 67.58577 113.3246
8795 67.71977 97.61996
8954 67.25235 137.5721
8955 65.77615 132.6912
8956 62.6827 96.03438
8957 70.0801 137.082
8958 69.05896 144.3368
8959 69.86645 122.0803
8960 67.76917 131.7569
8961 68.01169 125.3418
8962 66.68648 137.3589
8963 65.92249 118.8738
8964 65.33207 108.8749
8965 67.42605 121.8715
8966 69.36555 128.6365
8967 67.40751 138.2898
8968 66.57351 140.3651
8969 67.17337 121.0826
8970 68.99306 154.9503
8971 64.54105 122.436
8972 67.54151 117.6445
8973 68.58505 127.7326
8974 71.98815 137.2838
8975 67.65459 154.9403
8976 67.6661 130.5926
8977 66.14317 134.4043
8978 66.40155 140.8314
8979 67.07435 137.5925
8980 68.20422 135.581
8981 70.48362 139.2976
8982 68.67659 134.969
8983 67.74427 124.1332
8984 69.67542 132.6086
8985 68.39296 142.5965
8986 63.70222 109.7699
8987 66.64858 108.9945
8988 67.90407 124.9492
8989 66.5197 111.722
8990 66.54522 133.7914
8991 71.96798 144.5037
8992 67.20094 147.7364
8993 68.71459 118.739
8994 63.79578 113.0481
8995 66.9737 122.7246
8996 69.76872 127.523
8997 67.94033 126.2715
8998 69.44813 126.0498
8999 68.05028 120.1885
9000 68.01798 133.8531
3000 68.4148 137.2091
3001 70.51338 143.7382
3002 70.63103 145.4599
3003 69.83324 133.1488
3004 69.76099 132.4917
3005 68.11679 126.8125
3006 66.53432 120.2043
3007 71.0373 127.177
3008 65.66484 119.1195
3009 67.11404 131.011
3010 70.93121 151.9596
3011 68.25012 147.9148
3012 67.04475 120.1896
3013 69.40034 121.6422
3014 68.35953 131.7405
3015 65.7936 105.584
3016 65.16867 125.1514
3017 64.31223 132.5808
3018 70.65237 116.5383
3019 68.04397 141.8528
3020 67.60186 130.1925
3021 67.58242 120.4606
3022 68.50822 128.9264
3023 65.84079 119.5386
3024 69.13493 137.8896
3025 68.00898 122.4403
3332 70.0236 117.9912
3333 67.17283 116.4658
3334 65.18918 138.7007
3335 68.32764 127.9768
3336 72.55003 139.9074
3337 70.71252 148.0151
3338 70.88048 140.65
3339 66.96286 130.6093
3340 69.82684 143.0451
3341 65.16431 128.951
3342 68.23623 140.5259
3343 66.73024 142.5733
3344 72.29547 138.9453
3345 69.16315 127.5533
3346 67.56202 115.1545
3347 65.7718 119.6649
3348 67.4295 100.7527
3349 67.235 122.7841
3350 69.86435 146.7835
3351 71.88677 144.7958
3352 68.87227 138.991
3353 70.04608 137.0023
3354 68.73408 137.8343
3355 69.03486 138.8044
3356 69.26448 128.3303
3357 70.09459 124.8418
3358 70.12595 131.6374
3359 66.54738 120.0134
3360 66.3726 117.0774
3361 65.72273 113.9648
3362 67.65602 126.6406
3363 64.69648 108.3562
3364 66.41005 127.2142
3365 69.27873 134.603
3366 68.63208 121.5365
3367 68.60375 145.1284
3368 70.38104 135.204
3369 69.28462 127.5704
3370 71.64455 153.6515
3371 70.37091 155.869
3372 65.45197 121.4609
3373 69.65596 133.8526
3374 67.69864 108.9521
3375 70.04256 130.5425
3376 67.69758 124.0931
3377 66.856 132.5109
3378 69.87692 154.5701
3379 68.5184 124.004
3380 67.68314 127.6985
3381 67.61985 114.26
3382 69.25373 142.7731
3383 68.98349 115.897
3384 66.98195 125.1081
3385 63.41013 119.8153
3386 68.3495 127.3052
3387 70.14264 130.255
3388 67.67369 125.3486
3389 67.83046 118.0148
3390 71.15629 129.468
3391 70.04468 138.4503
3392 69.45013 138.6964
3393 67.78202 134.9735
3394 65.27229 119.6325
3395 69.44983 132.0852
3396 67.90893 132.1945
3397 68.1636 146.9576
3398 66.37934 112.0144
3399 68.73897 129.7229
3400 69.75201 128.9392
3401 69.44656 125.5484
3402 64.92283 102.8549
3403 64.80109 119.4034
3404 65.84217 143.8547
3405 68.34829 129.9632
3406 68.13535 125.1662
3407 66.32414 126.9552
3408 70.74869 112.1237
3409 67.48998 115.0831
3410 65.8077 120.0188
3411 67.41009 122.7409
3412 68.39969 133.5177
3413 72.19939 144.1058
3414 71.65513 146.9261
3415 70.19523 134.0839
3416 65.92307 112.9231
3417 73.35035 142.4875
3418 64.21849 121.3899
3419 65.70466 122.7506
3420 68.90463 136.1054
3421 68.06196 127.8162
3422 66.85164 139.0505
3423 69.58698 124.5701
3424 69.42479 126.8527
3425 68.02717 145.8616
3426 71.71699 136.8975
3427 66.95184 133.4618
3428 69.74699 122.1901
3429 68.80048 115.6403
3430 67.89372 125.377
3431 68.57658 129.2547
3432 68.72581 129.1874
3433 69.63585 133.0704
3434 68.9713 138.0269
3435 66.8827 118.8532
3436 69.21469 142.7606
3437 67.98057 126.2747
3438 68.56045 119.1386
3439 67.92183 117.0603
3440 69.15109 120.454
3441 69.09774 132.1603
3442 66.92077 108.7441
3443 67.43796 106.5115
3444 67.67849 130.2144
3445 70.02323 140.4403
3446 67.78298 124.5214
3447 72.83169 139.3706
3448 68.05869 129.4378
3449 67.44815 129.0994
3450 65.57066 118.2219
3451 67.59466 117.6786
3452 67.82155 140.8622
3453 68.47258 122.6694
3454 63.58771 104.467
3455 67.95929 129.0106
3456 65.22443 124.3217
3457 66.44894 101.9139
3458 67.33704 139.416
3459 65.69508 132.7342
3460 70.72748 132.8116
3461 67.41512 124.3421
3462 69.76326 126.7586
3463 65.37021 119.848
3464 70.00297 111.9376
3465 66.22804 117.26
3466 71.01952 131.8577
3467 66.66826 122.6517
3468 65.766 117.0445
3469 69.19586 117.8609
3470 66.01043 130.8876
3471 65.81064 124.3575
3472 69.63647 131.0505
3473 67.20189 142.083
3474 67.84034 100.3696
3475 63.55149 127.0979
3476 68.31141 124.2054
3477 65.48002 116.5552
3478 69.58828 123.5653
3479 66.1176 111.8548
3480 71.49458 150.1752
3481 70.91224 128.172
3482 65.08904 120.4457
3483 66.85324 110.6689
3484 67.33054 135.7821
3485 70.41813 145.8887
3486 70.74813 144.6908
3487 69.897 128.3047
3488 68.29767 137.1886
3489 67.83704 127.2593
3490 65.24424 122.1945
3491 67.84895 139.6043
3492 70.42565 129.817
3493 70.55526 152.9847
3494 67.88637 123.5425
3495 69.7096 137.7755
3496 67.07269 116.3106
3497 71.88822 125.4909
3498 71.28255 134.9234
3499 66.61758 116.9673
3500 69.33248 131.029
3501 69.17119 138.2493
3502 68.93099 117.0109
3503 65.39211 117.1889
3504 66.40146 133.3265
3505 65.97157 121.4286
3506 65.61778 122.2767
3507 67.1943 129.2964
3508 65.74683 106.9673
3509 64.34059 118.7342
3510 65.27558 112.0218
3511 71.37011 133.4833
3512 68.13758 127.5429
3513 72.05394 131.366
3514 65.7047 114.9957
3515 67.07599 125.5866
3516 63.96936 84.86345
3517 65.26359 129.4427
3518 65.97301 126.9647
3519 68.28892 139.8538
3520 65.81248 120.6804
3521 64.11914 127.4184
3522 67.02094 120.0865
3523 69.03253 132.7904
3524 68.99289 123.4864
3525 64.41883 114.4503
3526 67.15633 112.938
3527 68.76733 116.9251
3528 69.01892 133.9261
3529 66.76233 128.2645
3530 68.18233 107.0685
3531 67.28746 128.2196
3532 68.65318 126.5592
3533 71.06666 125.8611
3534 70.31177 134.6115
3535 72.4691 152.1181
3536 68.8736 135.5056
3537 64.68847 115.9514
3538 68.1288 127.6565
3539 67.36527 141.0621
3540 65.60339 109.572
3541 68.0437 122.3788
3542 69.28084 134.2059
3543 68.87006 134.8058
3544 68.5515 108.4165
3545 70.402 121.5254
3546 70.89246 131.4848
3547 63.57509 112.824
3548 69.96784 129.2959
3549 69.86405 144.6551
3550 67.43349 123.2584
3551 65.953 130.0755
3552 66.51685 97.84025
3553 66.59374 133.7803
3554 64.82036 106.5226
3555 68.76391 139.4665
3556 67.24653 116.868
3557 67.62135 133.7579
3558 66.16322 118.9108
3559 67.42498 122.3291
3560 68.65199 127.3678
3561 67.41316 114.0066
3562 68.24549 137.0083
3563 66.02486 110.0077
3564 65.25809 132.9911
3565 69.91392 132.3932
3566 65.79089 117.5234
3567 67.71448 130.4334
3568 68.29459 117.7587
3569 65.61141 117.7477
3570 67.78178 129.0761
3571 64.30339 105.6364
3572 67.30706 131.7766
3573 68.96486 131.8757
3574 64.97931 125.9879
3575 69.07888 123.8861
3576 67.39433 133.0366
3577 67.27352 131.1858
3578 67.64178 126.7371
3579 70.45488 151.614
3580 69.09422 147.1926
3581 66.0667 134.7624
3582 67.70438 133.445
3583 66.985 111.2501
3584 65.46654 117.0386
3585 68.69846 129.8079
3586 66.04073 99.27518
3587 66.09431 128.5692
3588 69.80499 151.548
3589 67.73859 139.3895
3590 66.68205 120.0516
3591 68.9189 124.0676
3592 67.06468 137.5999
3593 65.256 129.4912
3594 68.3313 139.801
3595 68.39086 148.5226
3596 67.84686 120.6246
3597 66.37815 138.6642
3598 63.32114 92.37513
3599 66.57085 136.5421
3600 67.88983 118.2089
3601 70.94095 138.6145
3602 69.91224 135.6715
3603 64.89823 104.5861
3604 69.46685 128.2748
3605 68.56739 125.4858
3606 66.53162 143.8794
3607 68.6378 125.3511
3608 70.90025 126.3358
3609 71.26396 139.7274
3610 67.13528 116.2366
3611 64.80237 97.79781
3612 70.67037 136.8521
3613 66.13501 112.7896
3614 64.77082 112.5529
3615 68.35649 120.7636
3616 68.24494 119.3536
3617 67.7318 135.4753
3618 67.04489 140.4543
3619 69.94918 142.0555
3620 64.50981 126.8512
3621 67.87717 123.1267
3622 68.61556 118.3477
3623 68.08104 134.5331
3624 66.35068 116.8814
3625 66.71225 108.9156
3626 71.16147 134.9529
3627 64.76054 109.5924
3628 66.75144 106.5216
3629 66.73686 119.4936
3630 69.68151 137.7906
3631 70.72414 151.0354
3632 68.34442 121.4853
3633 67.6858 146.7791
3634 66.98729 140.0306
3635 69.43833 116.5077
3636 70.35311 140.7913
3637 68.29064 140.0969
3638 69.81606 131.6661
3639 68.07763 144.0462
3640 69.63008 136.5389
3641 67.94659 124.5183
3642 66.66862 123.3439
3643 72.54965 140.3326
3644 65.96496 125.1353
3645 68.73999 142.2247
3646 73.25271 156.3537
3647 63.8433 113.8671
3648 66.96921 120.7632
3649 67.68748 120.6478
3650 66.81229 139.8202
3651 66.72332 119.0638
3652 68.9021 141.0105
3653 69.92563 143.4254
3654 69.85537 133.5108
3655 69.32382 137.0878
3656 66.59093 121.7154
3657 68.85426 127.9174
3658 66.54028 113.4724
3659 65.65815 128.0828
3660 69.30999 131.776
3661 70.17205 138.2634
3662 67.97015 125.758
3663 66.85275 120.3874
3664 67.93627 129.0463
3665 72.43694 136.391
3666 67.58597 130.0804
3667 68.61381 118.5302
3668 70.42388 129.8475
3669 66.40833 119.5325
3670 70.57092 138.3516
3671 69.79778 128.9593
3672 67.34701 116.8005
3673 66.40225 123.1326
3674 64.68881 116.9304
3675 69.53955 126.5974
3676 69.43649 141.1934
3677 69.36833 131.6094
3678 67.02639 109.3029
3679 68.60035 116.408
3680 64.90605 101.3305
3681 73.6704 147.9165
3682 68.37015 141.2402
3683 68.3104 138.8869
3684 64.51585 148.5007
3685 66.12993 101.0513
3686 65.38495 125.7223
3687 65.11549 106.3269
3688 67.05783 126.3894
3689 66.99533 134.2725
3690 67.08078 125.6528
3691 65.28834 113.2531
3692 68.09544 119.5911
3693 66.6868 116.2576
3694 68.33954 143.6987
3695 66.84267 112.5571
3696 68.83969 131.1388
3697 61.8934 95.74545
3698 65.73799 113.6203
3699 68.72588 141.3191
3700 67.8244 116.9133
3701 67.01202 124.2022
3702 65.5611 117.5665
3703 67.55322 119.2307
3704 67.1303 114.5048
3705 67.64062 130.0058
3706 66.83182 140.4851
3707 68.27517 144.0058
3708 69.44828 131.2024
3709 69.58546 126.2305
3710 66.7071 104.6225
3711 68.19325 121.5126
3712 69.13192 135.9547
3713 66.59379 136.2738
3714 66.48656 131.7593
3715 66.37289 118.7403
3716 70.71576 139.42
3717 67.15898 129.0818
3718 67.76901 114.4204
3719 65.18164 113.1913
3720 67.83933 112.5536
3721 68.0491 157.6543
3722 68.58693 121.5904
3723 65.95318 119.206
3724 71.02003 136.1093
3725 69.2108 116.8245
3726 67.16712 133.9377
3727 64.82774 119.5375
3728 71.89734 125.1534
3729 66.29137 119.6552
3730 69.63011 136.2859
3731 66.65205 112.4741
3732 70.56252 132.5837
3733 67.79996 131.5466
3734 68.74826 128.4833
3735 66.84629 137.0769
3736 67.47997 112.9767
3737 67.13894 124.5135
3738 68.40022 138.2798
3739 68.86099 136.6706
3740 66.17409 119.2702
3741 68.84979 131.2561
3742 68.67679 129.8508
3743 69.82136 156.1101
3744 64.2599 108.0741
3745 69.71652 136.2846
3746 70.94085 136.9681
3747 70.06779 139.4128
3748 70.88343 135.7171
3749 65.49529 118.6689
3750 68.4804 138.799
3751 68.51304 138.9157
3752 68.16143 118.2547
3753 71.95866 135.3357
3754 64.75488 129.262
3755 70.30788 135.1908
3756 67.4222 115.1791
3757 68.24432 112.2308
3758 68.24599 122.3013
3759 68.67773 128.2031
3760 69.45147 157.3486
3761 67.00024 128.2287
3762 68.53583 115.0374
3763 68.09648 149.9119
3764 66.8815 118.7213
3765 64.35722 111.8923
3766 64.95433 119.5408
3767 68.10576 121.9841
3768 66.80948 111.1912
3769 63.88864 112.1842
3770 67.38665 106.1061
3771 68.92239 132.2605
3772 68.34907 118.027
3773 65.8834 131.8548
3774 65.81927 122.7493
3775 67.6519 126.4083
3776 69.91178 135.567
3777 69.43847 144.6145
3778 68.6245 133.9108
3779 68.5874 139.0597
3780 69.96201 143.3765
3781 68.48251 133.9215
3782 70.14044 132.9707
3783 67.69319 151.5436
3784 69.74263 140.4279
3785 64.14705 115.8887
3786 71.15495 146.3078
3787 70.42127 135.2438
3788 69.4086 130.0152
3789 67.23391 113.361
3790 69.52858 109.7608
3791 69.78154 155.0882
3792 65.86011 116.5987
3793 68.53243 115.8963
3794 69.43054 123.8453
3795 70.51721 132.1602
3796 72.46196 150.0174
3797 70.57153 123.4049
3798 64.81038 113.7813
3799 69.14193 124.9768
3800 72.59694 140.1938
3801 67.29903 125.6349
3802 69.3501 124.6512
3803 69.0374 115.7152
3804 71.50733 147.7946
3805 68.58384 123.7158
3806 68.9172 137.4837
3807 69.94709 119.3727
3808 68.63514 111.791
3809 68.30987 140.6815
3810 68.95399 142.1807
3811 65.52577 130.6623
3812 66.58753 131.0557
3813 69.43487 118.7635
3814 70.6428 147.6001
3815 68.57866 140.395
3816 68.1007 129.3231
3817 70.56771 125.4514
3818 64.97452 107.0565
3819 67.85384 128.0846
3820 71.17072 131.245
3821 67.67057 112.3113
3822 66.04284 106.7968
3823 68.89472 125.9164
3824 66.42827 138.7008
3825 69.42646 137.7593
3826 62.6568 110.266
3827 65.79318 128.2726
3828 71.35208 150.3381
3829 68.54118 120.4207
3830 66.64206 118.7461
3831 67.1013 132.3003
3832 68.09913 122.8586
3833 67.44749 116.2164
3834 68.5689 105.9279
3835 66.74451 111.2084
3836 67.91192 115.9255
3837 67.61469 132.6425
3838 66.79956 128.7716
3839 66.08206 105.5009
3840 69.43398 130.8951
3841 70.06178 159.8542
3842 67.34245 113.1131
3843 65.68008 104.7032
3844 67.65288 130.0791
3845 72.35481 146.3133
3846 64.56198 117.9061
3847 66.56321 125.872
3848 71.88064 138.7186
3849 69.05856 119.1382
3850 68.84729 130.1311
3851 68.33558 127.2486
3852 67.20374 120.0823
3853 66.94025 116.7898
3854 65.6925 112.1004
3855 70.55858 137.4236
3856 66.3239 112.1502
3857 66.31962 141.3789
3858 68.77019 121.7461
3859 68.93596 130.3465
3860 70.19784 129.2123
3861 69.15847 141.6059
3862 66.52918 107.7722
3863 69.76951 141.4952
3864 68.33707 112.1581
3865 66.71053 116.3208
4002 67.75163 131.9365
4003 67.085 135.9003
4004 69.0139 151.5006
4005 66.13638 143.9136
4006 66.74555 131.5241
4007 66.32903 130.233
4008 65.30345 123.9503
4009 69.79828 126.6311
4010 67.5243 115.4643
4011 71.02929 148.2436
4012 69.46092 129.9518
4013 69.36777 135.4124
4014 68.57098 141.1859
4015 62.44964 109.5643
4016 68.97793 124.3412
4017 65.21731 118.4281
4018 67.07967 126.0679
4019 68.77674 132.1985
4020 68.66628 132.1617
4021 65.65796 121.8407
4022 67.81659 147.0148
4023 68.49368 135.6229
4024 67.72209 131.8871
4025 67.18182 149.6975
4026 68.74487 132.2867
4027 70.54345 145.1882
4028 67.49035 113.6369
4029 70.04012 121.888
4030 66.14103 131.9355
4031 63.03853 116.7342
4032 65.8375 113.1662
4033 70.09382 132.9761
4034 65.46277 101.8479
4035 66.72608 119.4606
4036 67.15508 126.3196
4037 67.89973 116.5061
4038 66.83956 124.3345
4039 66.33543 137.2975
4040 69.98948 157.9877
4041 69.19395 136.793
4042 71.8433 144.8892
4043 67.96112 116.363
4044 67.8762 125.536
4045 64.85023 109.135
4046 71.00029 128.7879
4047 68.9177 148.7167
4048 68.11802 108.4191
4049 68.45509 120.7972
4050 66.1659 119.9403
4051 68.09431 141.8006
4052 67.04148 116.4363
4053 67.9941 136.4958
4054 70.03533 162.0645
4055 69.71899 137.99
4056 66.11294 127.9705
4057 66.512 124.0973
4058 72.14119 147.0929
4059 66.26163 136.034
4060 68.6341 134.9883
4061 67.01999 108.4088
4062 68.50947 115.87
4063 66.65107 132.7811
4064 69.13505 150.0321
4065 66.3268 124.4084
4066 69.03467 125.2378
4067 68.41501 131.125
4068 68.81498 120.474
4069 69.71435 126.7877
4070 69.71612 119.4332
4071 68.46317 121.7583
4072 66.76387 127.8974
4073 65.40254 113.6724
4074 70.56985 123.8685
4075 65.94172 123.6931
4076 68.02142 122.0341
4077 67.1732 114.7014
4078 65.497 117.2034
4079 67.67186 121.3213
4080 65.52489 125.4382
4081 71.02076 138.2195
4082 66.22084 130.9358
4083 68.98001 115.4355
4084 66.95763 137.2853
4085 67.11277 127.0824
4086 68.4405 129.3152
4087 67.69709 131.4005
4088 63.22395 116.1956
4089 65.22711 127.0613
4090 68.43 131.3423
4091 66.57506 121.9677
4092 63.5966 113.2103
4093 67.20355 123.3458
4094 66.03225 99.66224
4095 67.24122 124.0545
4096 66.79749 130.086
4097 68.48588 137.1664
4098 69.29655 141.1792
4099 66.60912 101.7777
4100 66.26465 128.8128
4101 69.37333 129.9046
4102 67.3275 127.3943
4103 63.91659 113.9444
4104 67.23807 103.9784
4105 65.93291 117.1245
4106 70.35586 135.3823
4107 68.57142 131.0931
4108 66.82714 130.6498
4109 64.43271 119.4229
4110 71.08973 127.4216
4111 72.07912 124.3172
4112 68.90534 114.8714
4113 68.44146 121.075
4114 68.46055 115.3401
4115 65.13343 106.3017
4116 71.17467 131.6919
4117 69.39047 139.886
4118 66.81514 118.6787
4119 68.62714 121.1908
4120 68.09304 134.8095
4121 68.22911 128.3543
4122 67.79468 135.8259
4123 67.60705 127.516
4124 70.47714 135.5209
4125 68.89197 119.3961
4126 67.18902 141.7312
4127 69.52776 138.0107
4128 64.00428 106.2963
4129 67.23705 129.0392
4130 66.57905 110.0436
4131 73.08886 143.597
4132 70.23667 135.6427
4133 65.9154 120.8619
4134 70.20771 129.7829
4135 65.25899 110.1349
4136 67.70538 122.3278
4137 66.65383 125.1019
4138 66.90523 121.2072
4139 69.73584 135.8864
4140 68.71516 120.8681
4141 65.97593 125.6805
4142 66.04026 129.139
4143 69.22348 147.1694
4144 68.01411 124.9845
4145 70.44078 141.5704
4146 66.62715 138.6126
4147 68.47643 126.7582
4148 68.20133 134.1926
4149 69.18686 148.1132
4150 66.55515 122.4609
4151 67.24937 125.9051
4152 68.23977 134.1521
4153 68.93237 140.8846
4154 69.16831 127.3274
4155 68.15989 127.5146
4156 70.47785 135.4777
4157 71.46158 134.7474
4158 69.56494 139.1714
4159 72.04678 147.9343
4160 68.11706 122.1187
4161 67.11975 136.1107
4162 65.25882 112.8949
4163 67.9316 127.1332
4164 68.62153 134.6362
4165 68.96662 110.1335
4166 67.70641 137.8451
4167 64.82138 132.6417
4168 69.74735 130.7984
4169 67.83743 126.8633
4170 66.47425 119.564
4171 70.29565 136.1613
4172 67.99528 136.5186
4173 71.46156 132.6211
4174 66.73734 114.2795
4175 66.34827 116.7421
4176 69.25166 137.7726
4177 67.54428 130.0454
4178 70.67379 135.7083
4179 67.30702 135.6941
4180 64.62952 101.3328
4181 66.57405 130.5342
4182 69.29678 137.3539
4183 69.27554 121.0292
4184 69.50608 120.3639
4185 68.26403 141.0864
4186 69.86553 139.0365
4187 70.7672 136.4844
4188 69.24894 142.8621
4189 67.01022 104.1735
4190 69.1245 145.5379
4191 71.27948 120.9881
4192 74.03778 139.5953
4193 67.16427 120.8184
4194 69.16283 125.9266
4195 68.09797 126.298
4196 67.77953 133.2805
4197 71.11527 123.3401
4198 64.98837 105.6441
4199 70.31513 142.3548
4200 69.06439 130.4546
4201 65.46827 110.4915
4202 65.9316 114.9535
4203 68.42738 133.4786
4204 70.30053 139.3092
4205 67.09535 129.4262
4206 68.43343 121.8407
4207 65.83899 136.3506
4208 67.54013 143.6547
4209 68.48013 126.9991
4210 71.57696 139.6645
4211 69.72167 139.1423
4212 66.29363 126.9897
4213 68.937 142.7584
4214 71.41489 149.8921
4215 69.62838 143.7861
4216 71.18773 152.4615
4217 68.30221 143.546
4218 67.75947 152.9883
4219 68.11065 133.9839
4220 69.47285 135.5993
4221 70.16644 134.6592
4222 67.64263 124.1779
4223 66.81135 118.271
4224 64.94018 121.7107
4225 65.36721 121.3633
4226 68.54428 133.1727
4227 67.97819 114.8234
4228 68.34252 137.7084
4229 68.31923 122.5531
4230 66.1507 105.4808
4231 67.80628 119.5263
4232 70.13435 135.1981
4233 65.63248 122.1851
4234 65.52678 114.9083
4235 68.04574 136.5998
4236 68.17957 143.4398
4237 66.65254 103.9121
4238 68.05725 133.6935
4239 67.34999 119.11
4240 70.00498 129.4393
4241 66.55749 127.0247
4242 66.82553 144.7401
4243 70.07323 123.0627
4244 65.9202 126.0649
4245 69.54044 147.8452
4246 63.89593 117.0034
4247 69.03458 131.5836
4248 67.22878 125.3671
4249 66.12427 128.6776
4250 67.87785 132.3484
4251 66.8531 115.879
4252 69.05041 117.2786
4253 70.87199 140.1922
4254 67.4692 135.8756
4255 70.22874 132.974
4256 66.93906 117.9845
4257 69.928 127.9273
4258 67.46963 122.3518
4259 65.00766 109.2661
4260 68.97699 134.6605
4261 67.28865 129.1099
4262 69.65152 129.9016
4263 67.41038 135.7013
4264 67.80163 140.9551
4265 66.75484 101.615
4266 67.9469 127.0723
4267 65.43768 127.1338
4268 68.54154 125.4375
4269 66.7501 120.7329
4270 66.75809 124.1194
4271 67.14648 118.2882
4272 64.69559 116.7241
4273 69.18517 113.5275
4274 66.84282 128.2428
4275 66.4464 130.5346
4276 69.49078 106.2307
4277 68.32951 119.3464
4278 68.38975 120.9379
4279 69.42584 120.7725
4280 64.39314 123.2547
4281 66.61652 118.437
4282 65.86549 115.3497
4283 68.17805 123.2437
4284 67.39926 116.7036
4285 66.31408 116.4127
4286 70.68802 132.3031
4287 67.26683 123.296
4288 67.1325 117.0996
4289 67.61674 132.7665
4290 66.91216 122.0016
4291 70.58226 146.1837
4292 66.47926 132.2434
4293 69.5459 146.3853
4294 66.60836 119.6048
4295 67.34376 137.8448
4296 64.77135 124.6944
4297 66.46438 128.8286
4298 66.64913 119.3743
4299 70.56844 123.43
4300 65.31529 106.8598
4301 72.48479 134.4771
4302 67.86838 129.8224
4303 68.52635 109.2449
4304 68.61738 123.566
4305 66.50536 125.5915
4306 70.46311 126.8938
4307 64.63883 137.3284
4308 64.12338 108.9028
4309 69.28958 135.4082
4310 66.52927 131.7847
4311 69.30884 122.2514
4312 68.54471 134.4462
4313 67.25905 108.6926
4314 67.96865 124.3293
4315 65.3382 131.6971
4316 68.51679 129.4089
4317 68.1636 127.5867
4318 64.67488 128.3635
4319 66.13689 130.3095
4320 68.58304 132.5038
4321 68.34844 145.901
4322 64.6569 126.4447
4323 68.68485 136.1093
4324 67.75816 121.0123
4325 68.48014 132.472
4326 67.7747 126.7129
4327 64.7249 115.7365
4328 66.6102 118.9776
4329 72.2969 145.854
4330 70.30879 148.238
4331 66.77504 122.7048
4332 66.70433 120.42
4333 69.39369 126.5408
4334 67.37434 131.6976
4335 67.20466 123.5504
4336 67.9947 119.9449
4337 67.08887 123.5117
4338 68.81947 123.5561
4339 71.07494 134.0842
4340 68.98152 136.7907
4341 69.80854 121.3415
4342 70.21339 132.8196
4343 67.33679 112.8553
4344 73.52131 168.881
4345 67.45858 131.4655
4346 68.65576 121.3053
4347 68.77267 126.5212
4348 67.03705 125.3926
4349 66.86734 114.7951
4350 67.01918 134.5043
4351 68.52514 133.6321
4352 67.69771 121.778
4353 68.43487 126.847
4354 67.71514 128.0152
4355 70.39987 113.918
4356 68.44397 134.0367
4357 66.80835 131.6397
4358 67.35984 126.8163
4359 67.79903 131.89
4360 64.83854 115.6714
4361 69.57893 126.2769
4362 64.85426 102.1079
4363 69.318 139.4982
4364 69.58869 151.474
4365 66.52782 122.1092
4366 67.93529 125.7438
4367 66.39941 123.1702
4368 68.28614 136.4907
4369 68.17647 116.4352
4370 65.36869 117.4086
4371 67.96447 112.4388
4372 69.02438 139.9596
4373 68.08001 121.2457
4374 67.68974 128.3855
4375 67.05198 120.0329
4376 65.62947 109.3694
4377 64.31704 129.4821
4378 69.08278 152.901
4379 66.7653 136.5692
4380 72.77663 133.6427
4381 66.97686 137.0715
4382 70.10322 124.931
4383 68.92731 131.7141
4384 65.24486 119.642
4385 68.7959 131.2416
4386 69.0613 119.2979
4387 67.39123 115.0093
4388 63.14333 122.7882
4389 68.43035 124.8597
4390 65.72614 98.39409
4391 66.71344 124.0144
4392 68.2317 124.296
4393 67.07728 124.0139
4394 68.10746 132.0081
4395 67.23207 134.8625
4396 69.76432 136.0319
4397 66.65442 127.9094
4398 67.20022 136.8048
4399 71.20749 138.9045
4400 71.64259 154.3787
4401 68.09536 139.4726
4402 68.11601 138.099
4403 69.57164 133.752
4404 67.897 123.706
4405 68.92362 133.4767
4406 68.85579 129.4416
4407 66.93017 145.6689
4408 71.03782 126.1809
4409 66.94058 121.4461
4410 69.32305 142.2131
4411 67.21622 119.7238
4412 64.26906 106.7157
4413 67.43203 130.1147
4414 68.98981 138.5589
4415 67.38396 120.821
4416 67.72313 112.5397
4417 67.79721 127.7983
4418 67.98675 133.9054
4419 66.87883 99.56439
4420 69.75841 122.1663
4421 67.87888 131.3067
4422 69.23586 143.7584
4423 68.7266 151.6764
4424 67.19958 115.6396
4425 66.58109 107.1456
4426 68.82635 150.2899
4427 67.67069 118.7544
4428 64.81833 108.9651
4429 68.88453 136.5556
4430 65.39146 124.8106
4431 69.91504 119.8377
4432 63.54206 99.76986
4433 70.13124 148.4142
4434 67.05704 133.3179
4435 69.45941 135.9285
4436 66.94935 128.028
4437 67.81852 122.8946
4438 63.65292 127.5172
4439 67.11763 127.4499
4440 68.64795 136.7766
4441 69.3026 132.8961
4442 68.60862 122.4088
4443 66.80108 113.3951
4444 70.87197 115.3527
4445 67.90795 136.4296
4446 64.88168 131.3802
4447 70.78204 151.4922
4448 70.35834 112.2811
4449 66.99548 129.9559
4450 68.83182 116.898
4451 67.33694 124.2691
4452 68.98465 127.9153
4453 67.60914 139.9747
4454 65.38646 117.6032
4455 68.16769 133.1749
4456 68.17351 119.293
4457 69.88288 122.8937
4458 67.58589 123.5244
4459 68.5846 131.1773
4460 67.00383 95.88791
4461 69.99553 158.3578
4462 72.53259 133.576
4463 65.08427 135.3471
4464 66.11128 128.7408
4465 69.9046 129.0113
4466 67.97472 118.2064
4467 66.82932 136.9731
4468 69.3533 134.4424
4469 71.39535 124.8929
4470 66.59923 136.3075
4471 69.40189 120.8579
4472 70.27495 135.9954
4473 67.31858 124.6169
4474 71.45174 131.5614
4475 68.83932 157.078
4476 68.99723 124.6289
4477 67.73455 132.1244
4478 64.8353 118.2692
4479 70.74427 139.9319
4480 72.26598 149.2389
4481 64.72664 126.0976
4482 67.5752 119.6545
4483 69.51645 140.2187
4484 70.48832 111.7304
4485 69.32666 128.4377
4486 68.52587 109.5741
4487 73.16002 135.1826
4488 64.28543 119.4849
4489 66.65609 135.1861
4490 64.71065 111.5654
4491 62.99043 115.6669
4492 68.70788 123.0031
4493 68.12126 126.6086
4494 66.77899 122.0006
4495 68.23148 119.6607
4496 68.42895 122.0538
4497 64.0197 127.9519
4498 71.09565 117.1362
4499 69.87248 147.2908
4500 66.51832 125.4061
4501 68.57445 123.3187
4502 67.46212 139.4874
4503 69.61527 137.9174
4504 66.86386 119.266
4505 66.18998 115.9555
4506 69.7905 130.5095
4507 70.21174 131.2829
4508 71.14847 130.8226
4509 74.28376 147.7877
4510 64.48835 102.7518
4511 65.97201 124.009
4512 66.51755 134.4456
4513 67.83225 125.095
4514 68.7614 138.5499
4515 70.18642 134.395
4516 65.12677 118.875
4517 71.25743 136.5501
4518 67.75603 127.7343
4519 67.80063 120.5416
4520 66.71287 137.1043
4521 65.9331 119.1788
4522 70.75201 124.9258
4523 64.36338 100.9973
4524 66.51438 111.0706
4525 69.03383 143.6707
4526 65.454 124.8217
4527 68.82249 136.6368
4528 69.35365 136.1504
4529 68.4663 126.8492
4530 69.50766 133.1992
4531 67.68823 138.961
4532 69.41032 136.4148
4533 69.67469 118.0784
4534 68.04008 149.4074
4535 65.16827 124.2854
4536 66.15992 131.0075
4537 65.87679 122.0955
4538 66.73303 125.1468
4539 66.77722 107.7781
4540 67.93869 131.2999
4541 67.48863 128.1304
4542 70.19163 111.1449
4543 66.40733 111.0917
4544 68.05629 115.4242
4545 65.52001 132.1594
4546 65.64332 121.3271
4547 65.63637 136.2254
4548 67.70933 115.7406
4549 67.49917 133.5066
4550 66.29128 127.8453
4551 69.74139 142.3054
4552 63.45437 106.2611
4553 69.46407 134.3778
4554 68.05327 120.6881
4555 67.07399 139.5754
4556 65.59537 124.4232
4557 70.01908 122.7936
4558 67.13433 122.1132
4559 69.95471 139.8142
4560 68.31764 130.2584
4561 67.93284 111.6216
4562 68.37832 109.8238
4563 69.38169 138.2864
4564 67.83912 121.4831
4565 66.76314 120.3041
4566 69.13399 124.0916
4567 65.58555 119.738
4568 67.12003 132.4267
4569 68.20826 126.163
4570 69.83353 124.5901
4571 68.52243 129.9774
4572 66.61884 114.8356
4573 67.03413 123.505
4574 68.58395 124.7217
4575 68.48188 126.5771
4576 68.22286 143.9747
4577 70.11615 127.6471
4578 64.31069 119.6461
4579 68.91069 103.7011
4580 68.01192 140.6438
4581 68.44067 130.1721
4582 69.5139 132.2547
4583 69.20247 118.3357
4584 66.04611 107.3271
4585 66.015 134.3205
4586 69.00199 128.0736
4587 69.61754 143.0774
4588 69.41293 127.4879
4589 68.42341 117.5081
4590 68.59123 132.3095
4591 70.47426 126.1309
4592 70.13002 138.7704
4593 69.01521 128.4133
4594 70.97422 129.5877
4595 69.42301 116.2255
4596 66.84685 111.121
4597 68.37669 118.7218
4598 67.80923 131.6974
4599 66.4699 141.4318
4600 70.23437 138.4311
4601 70.16075 139.4051
4602 66.23908 109.824
4603 68.76154 125.4809
4604 64.64844 122.8828
4605 69.51687 150.847
4606 67.7263 128.1654
4607 68.53927 121.0356
4608 68.16449 137.2303
4609 70.16738 131.504
4610 66.92498 127.9481
4611 67.18216 127.5982
4612 65.35392 125.9641
4613 67.71158 128.942
4614 69.35198 123.6344
4615 67.54023 132.426
4616 68.43557 122.0015
4617 66.50187 130.4876
4618 68.9358 127.2358
4619 65.99168 119.7409
4620 69.45487 140.6464
4621 66.9045 137.6207
4622 67.63969 118.1787
4623 66.1437 128.4443
4624 67.59159 134.3476
4625 71.78018 166.3016
4626 69.44107 123.4122
4627 71.98935 142.7132
4628 70.15393 123.8781
4629 70.10972 126.9465
4630 66.68739 117.3343
4631 70.49702 137.1545
4632 65.43498 105.8885
4633 69.52903 123.5902
4634 66.08383 128.3405
4635 67.53463 122.189
4636 66.70738 119.1554
4637 67.68437 127.9357
4638 64.9133 117.8536
4639 66.99054 114.2598
4640 66.90393 124.3436
4641 68.30929 121.873
4642 67.78255 107.1698
4643 66.67403 105.6942
4644 68.02345 105.9209
4645 66.26386 110.0377
4646 68.65873 126.4691
4647 68.8758 133.5623
4648 70.66494 110.5288
4649 67.46765 142.8422
4650 66.86562 131.3179
4651 68.07939 142.0148
4652 66.97215 105.1855
4653 67.09087 119.0616
4654 66.25477 131.6159
4655 68.48544 123.1869
4656 67.56329 114.1342
4657 67.94653 127.8594
4658 67.63842 123.8136
4659 69.49173 139.1029
4660 69.35024 117.3644
4661 68.48415 155.8502
4662 67.34242 133.4692
4663 63.7973 128.2173
4664 66.47145 128.9056
4665 68.39397 145.1997
4666 67.86356 117.7852
4667 69.62777 129.2314
4668 65.50648 110.3151
4669 72.72292 145.1721
4670 70.14217 132.9902
4671 68.78695 121.1068
4672 68.67807 137.4109
4673 71.31954 141.1587
4674 67.84642 137.6199
4675 68.40321 111.129
4676 65.63923 129.8425
4677 70.43045 130.4964
4678 68.00445 124.4823
4679 67.39156 138.9571
4680 68.0015 136.2141
4681 69.24154 131.2422
4682 68.36251 106.3978
4683 68.48326 124.4191
4684 63.36476 110.7614
4685 64.47663 125.7709
4686 65.29853 114.0163
4687 66.60327 135.8777
4688 71.58316 133.3415
4689 69.32199 138.8873
4690 69.28786 132.6007
4691 65.72066 123.9237
4692 70.17848 127.4536
4693 67.75329 148.2412
4694 68.02834 122.158
4695 67.12108 119.7528
4696 69.66713 117.5732
4697 69.00275 125.9822
4698 65.31244 137.7114
4699 67.28896 108.2831
4700 68.80004 133.9222
4701 68.98651 128.5798
4702 67.06069 136.4265
4703 68.05696 128.2201
4704 66.84523 112.124
4705 68.59913 135.1695
4706 67.74997 127.2095
4707 67.38105 119.7502
4708 69.44609 119.5742
4709 66.16242 137.4896
4710 68.41686 129.0061
4711 71.03862 147.6293
4712 66.91687 126.9994
4713 68.77968 110.6833
4714 69.49878 137.0191
4715 65.22815 125.0944
4716 66.60077 142.9751
4717 69.16164 129.2245
4718 67.09027 142.6689
4719 67.51802 133.2004
4720 63.13166 135.8015
4721 73.45252 155.9981
4722 63.47897 110.1628
4723 67.17018 137.8439
4724 66.73317 121.0711
4725 67.93199 115.9738
4726 70.64087 129.3937
4727 65.33506 111.071
4728 66.92902 111.5159
4729 71.16317 144.9723
4730 68.19394 123.3543
4731 68.17464 127.3197
4732 65.15115 111.6275
4733 66.95486 123.4444
4734 68.71217 116.1338
4735 66.21228 106.3145
4736 68.06876 129.3926
4737 70.20125 145.3962
4738 67.33369 130.253
4739 67.63633 144.0878
4740 66.23693 122.5351
4741 67.59319 133.0454
4742 67.82747 107.4374
4743 71.17149 149.076
4744 64.72317 116.8801
4745 63.55844 103.049
4746 69.71437 117.5245
4747 68.3598 130.8889
4748 68.51116 143.0422
4749 66.59144 105.2595
4750 68.90019 120.1055
4751 68.62103 143.016
4752 67.84608 126.8695
4753 68.54417 138.9043
4754 66.54197 121.5207
4755 70.09348 131.7383
4756 68.07186 120.9546
4757 69.12658 138.612
4758 70.69432 147.3622
4759 68.92727 130.0261
4760 67.10353 124.1674
4761 68.07727 143.489
4762 65.82037 123.8217
4763 68.89327 130.7247
4764 66.85902 123.2355
4765 69.44485 114.1544
4766 68.71047 153.0572
4767 69.65197 126.5914
4768 66.28559 120.8002
4769 69.30112 129.099
4770 70.5502 145.7179
4771 67.09825 121.1429
4772 66.43673 119.0362
4773 68.01989 134.8026
4774 65.04188 132.806
4775 69.12072 127.696
4776 66.70731 131.1142
4777 71.77408 129.1887
4778 68.2889 114.3058
4779 64.9734 114.0111
4780 71.4599 141.1522
4781 65.03556 113.4672
4782 69.05564 136.4157
4783 70.76987 134.7036
4784 67.74608 129.3842
4785 65.393 97.8247
4786 68.01277 130.7321
4787 70.21577 146.9626
4788 69.68074 139.0045
4789 67.54383 126.4992
4790 70.15526 138.6155
4791 68.40203 123.6083
4792 65.77722 132.5113
4793 66.97553 125.2087
4794 69.02762 116.7207
4795 68.43487 140.1941
4796 68.55514 115.1087
4797 69.0732 129.883
4798 68.09033 124.4072
4799 69.05185 127.8751
4800 66.95319 118.9592
4801 69.27087 136.2203
4802 64.46097 114.2431
4803 64.9549 111.1484
4804 66.87664 134.4741
4805 68.23274 125.8111
4806 69.044 137.9178
4807 69.87691 109.3782
4808 66.17919 115.505
4809 65.71653 120.607
4810 65.66692 130.3822
4811 70.42201 130.8399
4812 68.53986 141.4287
4813 67.62275 113.1045
4814 69.96112 120.7486
4815 65.83647 111.1042
4816 68.88976 136.915
4817 66.11516 125.3766
4818 68.70643 132.7497
4819 65.79475 118.1206
4820 68.52389 129.7188
4821 70.82504 138.2801
4822 69.38768 127.8541
4823 64.99998 106.3608
4824 67.55169 118.5889
4825 67.1831 117.5862
4826 68.17915 133.4329
4827 69.20783 120.0598
4828 69.94376 124.5943
4829 64.18267 118.6707
4830 68.05418 135.4153
4831 66.24239 121.9611
4832 69.33374 133.7451
4833 67.55373 118.1307
4834 67.24855 128.5772
4835 66.37184 124.8378
4836 66.21681 135.8262
4837 68.48138 115.2564
4838 65.99503 146.0235
4839 68.20817 143.0554
4840 64.83887 120.4189
4841 69.47053 136.1018
4842 70.66531 135.2724
4843 65.31798 113.9184
4844 73.62593 144.2733
4845 65.64183 139.218
4846 66.1763 137.8042
4847 68.20945 123.0101
4848 67.33013 126.067
4849 70.70643 148.5372
4850 69.27188 110.7831
4851 66.49201 120.029
4852 63.73844 122.7468
4853 68.73928 128.6261
4854 65.95612 120.8344
4855 68.2791 125.4675
4856 66.29813 127.7337
4857 67.26906 132.8131
4858 70.01685 141.7715
4859 66.99124 121.3387
4860 63.33461 116.4184
4861 66.48134 114.4604
4862 66.96425 126.3607
4863 67.76229 129.6594
4864 68.64238 128.845
4865 70.16208 141.6777
4866 70.96378 140.0763
4867 69.50635 126.771
4868 63.75674 104.9152
4869 67.97424 152.1104
4870 66.1089 119.3998
4871 63.30114 102.7788
4872 68.76436 104.4743
4873 67.68224 122.9173
4874 71.11972 130.0384
4875 68.865 121.9668
4876 70.02624 131.5675
4877 65.6918 107.2827
4878 63.3557 117.6886
4879 66.86874 143.4791
4880 63.65357 102.6027
4881 65.50331 116.8988
4882 68.61978 123.9844
4883 71.06866 136.2899
4884 67.90435 123.2082
4885 69.04428 144.3998
4886 68.23809 145.3389
4887 67.60056 119.9359
4888 68.72348 131.6298
4889 69.72756 133.7225
4890 67.39229 146.2703
4891 67.19624 119.8227
4892 65.56913 107.9515
4893 65.93897 109.1714
4894 68.3392 134.1385
4895 66.37854 130.6212
4896 68.06195 116.0239
4897 72.14805 134.4365
4898 66.3 134.8203
4899 70.52385 116.5449
4900 65.956 126.3619
4901 69.77937 127.6585
4902 68.01272 125.5257
4903 71.04628 134.624
4904 70.30748 129.3855
4905 69.8685 127.9899
4906 68.55351 119.5254
4907 68.04279 111.4427
4908 68.32377 143.6406
4909 68.43992 124.9
4910 69.70107 125.39
4911 69.86274 126.7733
4912 65.28588 120.2017
4913 68.23317 120.3497
4914 67.56773 130.5236
4915 67.92319 137.9222
4916 65.9763 118.559
4917 66.72703 126.2936
4918 67.16036 135.8841
4919 67.7804 122.1423
4920 64.55365 106.3292
4921 67.47805 131.5261
4922 67.29005 122.7303
4923 66.84522 114.8025
4924 63.83744 120.2347
4925 64.04877 122.1794
4926 69.05705 145.6834
4927 66.07726 117.709
4928 69.83849 131.9638
4929 70.33979 128.3473
4930 67.88518 132.8351
4931 66.30636 120.4227
4932 70.70419 127.4847
4933 64.63844 111.2536
4934 67.37469 118.4249
4935 67.32339 132.2462
4936 68.79558 137.0621
4937 69.49827 130.716
4938 69.18298 133.2681
4939 68.05336 120.2172
4940 65.60027 124.9529
4941 69.84729 135.0017
4942 71.20265 155.3163
4943 66.1002 114.3986
4944 68.91567 143.1158
4945 65.88189 111.2503
4946 67.45521 121.8782
4947 67.21505 122.1602
4948 65.97608 124.7486
4949 67.96746 130.7902
4950 66.85927 128.0209
4951 67.62991 120.2907
4952 67.1994 125.7923
4953 65.68972 131.2235
4954 68.65173 131.3886
4955 68.37334 126.8527
4956 66.48907 112.4772
4957 66.03608 126.3124
4958 67.01057 118.5625
4959 67.52149 141.824
4960 68.94504 135.164
4961 65.95217 138.0343
4962 68.70894 111.9057
4963 64.0908 109.4352
4964 66.00548 106.1651
4965 70.50014 138.7377
4966 69.06617 138.8835
4967 67.20849 131.6754
4968 68.71366 133.501
4969 70.4988 123.6003
4970 70.09293 120.5015
4971 67.10958 127.9008
4972 67.94613 108.2182
4973 69.9019 132.8392
4974 68.45259 112.1406
4975 69.5192 131.5346
4976 65.52153 124.897
4977 67.62907 115.9246
4978 69.24378 138.2668
4979 68.39543 131.5288
4980 64.77157 110.1024
4981 70.23437 137.102
4982 65.18062 109.788
4983 66.20453 112.9286
4984 70.60819 148.2754
4985 65.64079 119.3393
4986 69.72804 141.9129
4987 67.49768 139.6238
4988 69.18778 119.7962
4989 66.83553 115.7201
4990 67.17619 121.334
4991 68.75178 159.3608
4992 66.51067 133.2151
4993 67.34769 141.3034
4994 71.80088 129.831
4995 67.69783 120.7103
4996 69.0048 141.5982
4997 69.06523 125.8677
4998 65.88748 112.3178
4999 65.84896 118.9697
5000 67.18312 112.7574
5001 63.79598 111.7201
5002 67.47174 110.5494
5003 67.15868 103.8433
5004 70.38311 159.9758
5005 66.68444 130.2472
5006 66.66715 123.7624
5007 66.82298 125.297
5008 66.6039 122.711
5009 70.88883 160.0364
5010 70.28146 131.6777
5011 68.61527 124.199
5012 68.94252 122.5949
5013 70.00818 143.777
5014 63.92218 106.1497
5015 68.18982 135.6658
5016 66.93298 112.8116
5017 67.12818 118.7819
5018 67.29437 119.1211
5019 70.49073 121.0715
5020 66.8532 113.7029
5021 68.51902 116.3811
5022 68.68968 128.0095
5023 67.64082 116.0115
5024 68.69251 133.2729
5025 67.6248 127.7888
5026 68.8846 123.8782
5027 69.76061 139.5499
5028 67.56118 126.6252
5029 69.78513 141.3982
5030 70.21612 151.0506
5031 66.27645 126.0282
5032 67.40846 148.4483
5033 68.20932 129.2407
5034 65.79974 132.286
5035 64.49619 106.4894
5036 65.69093 125.0984
5037 68.48056 130.2433
5038 66.17897 123.5842
5039 63.55274 101.2994
5040 67.68025 118.3701
5041 65.4426 109.8414
5042 67.53818 131.1827
5043 67.20389 125.2316
5044 65.10901 131.8946
5045 67.71776 116.0773
5046 66.27965 98.28455
5047 71.03657 127.6602
5048 69.39923 134.0168
5049 67.60068 123.7417
5050 69.41439 125.4915
5051 67.06843 135.2419
5052 68.06962 122.0361
5053 63.88211 117.4632
5054 65.9194 120.1212
5055 70.23642 124.4872
5056 63.84677 116.313
5057 68.9074 121.8405
5058 64.0135 126.9209
5059 67.36541 111.5266
5060 69.06482 132.1843
5061 67.06091 131.9966
5062 68.71499 118.7562
5063 70.10335 138.9367
5064 70.90588 132.6605
5065 66.77943 117.0903
5066 69.55339 121.8668
5067 68.45539 128.6212
5068 68.10538 130.0686
5069 64.46289 109.0084
5070 67.78582 110.3563
5071 65.82492 126.3494
5072 66.22711 130.879
5073 65.4258 130.8643
5074 69.33269 123.4765
5075 65.30645 111.1681
5076 70.66767 151.1334
5077 67.86539 127.2278
5078 65.68213 114.755
5079 66.27532 131.1304
5080 64.15129 117.3512
5081 68.93691 126.7825
5082 66.77623 130.4524
5083 68.66098 110.209
5084 66.03851 120.0319
5085 71.34563 131.9006
5086 66.26107 118.9925
5087 70.96704 136.5441
5088 65.92505 114.2363
5089 66.47783 119.0131
5090 68.65041 144.86
5091 68.22052 130.8069
5092 69.53698 144.8661
5093 71.31389 130.7968
5094 68.65624 138.8268
5095 63.90686 130.0556
5096 69.54723 124.231
5097 63.83536 119.8695
5098 69.43229 110.2776
5099 68.8923 127.6997
5100 65.97989 142.5486
5101 73.25816 157.0989
5102 65.69315 138.5876
5103 69.95721 128.1607
5104 69.93565 130.3446
5105 67.55602 119.1028
5106 67.47639 115.6698
5107 69.05674 128.3985
5108 68.54497 136.1737
5109 70.44462 116.6906
5110 67.11657 131.4909
5111 67.60674 115.494
5112 67.76798 116.0487
5113 64.22799 116.596
5114 67.64934 138.6958
5115 66.94829 126.0413
5116 68.83697 145.686
5117 69.03861 128.7906
5118 67.88537 142.1595
5119 69.15299 138.9115
5120 65.76655 122.0769
5121 66.41848 119.0393
5122 69.98636 136.7085
5123 69.33663 124.8379
5124 68.14857 129.218
5125 69.61057 124.5365
5126 70.24425 132.7187
5127 64.66038 110.1455
5128 67.14089 132.4193
5129 66.55537 120.6308
5130 67.02821 134.6226
5131 66.61016 131.3866
5132 67.87365 134.9717
5133 68.48489 121.162
5134 71.46727 146.1977
5135 67.52509 130.7501
5136 69.14416 123.9601
5137 66.34348 105.9251
5138 68.8517 147.2738
5139 66.59398 128.4305
5140 68.79421 116.2545
5141 65.60405 128.8795
5142 69.60758 124.4609
5143 71.79003 131.1114
5144 65.39644 133.017
5145 68.186 123.0559
5146 70.64195 128.8506
5147 69.27807 146.6325
5148 65.41192 125.2607
5149 69.74131 135.9477
5150 69.68791 149.0918
5151 67.61616 129.9896
5152 65.33279 115.5896
5153 68.09828 122.5938
5154 67.78589 130.5478
5155 66.37326 110.4683
5156 70.70383 147.9488
5157 67.77536 135.435
5158 70.16781 132.2276
5159 65.08295 124.8522
5160 68.09865 139.5397
5161 69.72378 127.9841
5162 66.10587 129.5105
5163 68.81615 128.4016
5164 66.34878 136.5927
5165 68.85181 131.0471
5166 67.88949 135.8495
5167 67.3565 124.7415
5168 67.87393 123.9916
5169 67.82355 120.0348
5170 68.93013 119.6138
5171 66.72655 104.4695
5172 69.96414 141.4657
5173 70.92472 133.859
5174 68.15966 130.2032
5175 65.71159 120.7602
5176 66.88241 116.1838
5177 67.87445 129.3543
5178 69.77942 140.2507
5179 65.39578 114.7891
5180 70.51058 117.7705
5181 66.56644 121.7629
5182 68.74163 146.386
5183 68.50865 142.5118
5184 67.86684 136.538
5185 65.68959 108.1989
5186 68.1756 126.6541
5187 67.27204 128.769
5188 65.3007 130.2829
5189 68.37953 126.2574
5190 70.39799 119.4655
5191 65.3603 112.0012
5192 68.8706 129.9499
5193 66.21022 116.362
5194 68.94788 142.8095
5195 68.04951 123.9961
5196 66.09906 118.4749
5197 65.89673 138.4134
5198 67.19993 111.4001
5199 69.40899 105.0894
5200 69.07487 129.1519
5201 67.65384 120.3397
5202 68.48957 120.7475
5203 68.34723 124.124
5204 69.67408 140.3264
5205 65.19464 119.1674
5206 69.81692 139.3101
5207 64.26606 115.7719
5208 68.77984 128.1583
5209 64.94194 119.9868
5210 69.40854 136.2726
5211 66.60983 120.7165
5212 68.74032 143.4148
5213 72.8443 146.7131
5214 65.56743 114.1088
5215 67.30673 119.2437
5216 67.87438 129.1951
5217 67.37272 110.0987
5218 68.52976 132.8156
5219 67.2006 120.7292
5220 71.326 133.6295
5221 66.99798 113.5302
5222 70.15072 144.6167
5223 67.56199 111.4511
5224 67.84632 131.1354
5225 67.99597 124.7397
5226 71.45949 136.4103
5227 65.98938 133.9456
5228 70.30094 148.0703
5229 69.63549 118.8671
5230 68.12716 130.0225
5231 67.19533 117.8517
5232 69.96297 131.029
5233 70.75433 139.7372
5234 64.90028 99.29265
5235 67.53864 122.6701
5236 66.93918 112.5864
5237 66.74599 114.6931
5238 67.53268 124.3523
5239 67.03578 113.4992
5240 66.19746 119.4549
5241 66.16514 116.2537
5242 70.4784 141.2563
5243 66.71437 112.926
5244 67.52917 120.8297
5245 70.87924 144.9908
5246 70.87713 120.3404
5247 62.52373 101.0402
5248 67.78637 136.2587
5249 67.1394 121.6793
5250 67.39241 124.8535
5251 65.87821 127.8471
5252 66.55073 137.5442
5253 65.77153 103.9089
5254 67.98558 141.2212
5255 66.84342 115.4613
5256 69.21198 128.5016
5257 66.35946 122.8733
5258 69.23369 130.3051
5259 68.82616 133.9048
5260 69.36336 139.0361
5261 70.20959 134.7929
5262 68.15011 136.8965
5263 68.06755 112.9757
5264 66.61783 113.0753
5265 66.84022 131.2762
5266 70.60805 145.9398
5267 70.98349 143.2473
5268 68.09578 136.2662
5269 68.63828 134.4078
5270 69.50947 135.2759
5271 67.27909 118.9625
5272 67.62248 106.5357
5273 65.98498 124.1788
5274 70.60026 143.1552
5275 65.18921 118.4354
5276 66.32422 120.6698
5277 67.62092 136.1237
5278 69.19727 113.7928
5279 66.1129 124.6016
5280 68.12419 133.7479
5281 69.48945 143.7332
5282 67.16698 122.6097
5283 66.45847 127.9224
5284 68.57463 119.9155
5285 70.02842 158.2521
5286 65.46378 101.8393
5287 66.48353 125.5619
5288 65.78848 112.7934
5289 69.14325 113.9947
5290 66.10193 120.5016
5291 68.5156 110.4182
5292 64.2164 129.756
5293 69.15358 129.065
5294 66.83911 126.2087
5295 64.05747 109.798
5296 67.80361 134.8236
5297 67.78007 146.6249
5298 66.0792 121.5591
5299 67.54866 119.1681
5300 67.18499 111.7433
5301 66.36282 123.4684
5302 66.21209 120.9058
5303 69.61636 123.0992
5304 66.83693 123.2452
5305 71.80311 132.7094
5306 67.0625 126.7332
5307 72.96338 135.2564
5308 70.34829 151.3674
5309 70.09653 150.9294
5310 69.20104 140.2394
5311 70.35625 132.7655
5312 69.78454 144.8798
5313 71.39938 129.2934
5314 67.0059 116.8217
5315 66.79298 124.906
5316 67.86677 125.3757
5317 67.25418 103.8437
5318 68.56237 122.4352
5319 66.43276 136.132
5320 68.91152 125.792
5321 67.50478 126.8799
5322 69.08511 145.0689
5323 68.7803 148.623
5324 66.66053 135.6636
5325 68.66602 114.7145
5326 68.47595 114.8512
5327 67.53608 128.0852
5328 66.23142 121.6196
5329 69.17543 124.7148
5330 67.34509 120.9551
5331 67.77776 117.0167
5332 66.91716 115.5379
5333 68.65138 130.497
5334 66.97762 136.012
5335 69.11727 140.2511
5336 65.2278 132.8841
5337 66.3529 126.9573
5338 67.90441 122.0685
5339 67.14183 107.8829
5340 69.26937 139.1728
5341 67.55353 123.1504
5342 69.1191 127.1047
5343 66.5787 130.5048
5344 68.34423 126.8956
5345 70.87733 142.4991
5346 66.25515 109.9755
5347 70.20374 142.2116
5348 65.37244 119.6729
5349 69.21394 139.5979
5350 66.65743 125.0117